1.512074018969680189e+00	1.316110474894745197e+00	1.313788206890376120e+00	1.313788206890376120e+00	1.311560143726040462e+00	1.311560143726040462e+00	1.311560143726040462e+00	1.311560143726040462e+00	1.311560143726040462e+00	1.311560143726040462e+00	1.311560143726040462e+00	1.310607745490893095e+00	1.310607745490893095e+00	1.310607745490893095e+00	1.310607745490893095e+00	1.310607745490893095e+00	1.310607745490893095e+00	1.310607745490893095e+00	1.310607745490893095e+00	1.310607745490893095e+00	1.310607745490893095e+00	1.310607745490893095e+00
1.500935434090970633e+00	1.500935434090970633e+00	1.500935434090970633e+00	1.500935434090970633e+00	1.500841674479571175e+00	1.494979153377841152e+00	1.494979153377841152e+00	1.494979153377841152e+00	1.494979153377841152e+00	1.494979153377841152e+00	1.494979153377841152e+00	1.494979153377841152e+00	1.494979153377841152e+00	1.494979153377841152e+00	1.494979153377841152e+00	1.494979153377841152e+00	1.494979153377841152e+00	1.494979153377841152e+00	1.494979153377841152e+00	1.494979153377841152e+00	1.491135257362115052e+00	1.491135257362115052e+00
1.529440524602177165e+00	1.500055486505681879e+00	1.500055486505681879e+00	1.497877588175763997e+00	1.497119844862908833e+00	1.492090521135715608e+00	1.492090521135715608e+00	1.492090521135715608e+00	1.492090521135715608e+00	1.492090521135715608e+00	1.492090521135715608e+00	1.492090521135715608e+00	1.492090521135715608e+00	1.492090521135715608e+00	1.492090521135715608e+00	1.492090521135715608e+00	1.492090521135715608e+00	1.492090521135715608e+00	1.492090521135715608e+00	1.492090521135715608e+00	1.492090521135715608e+00	1.492090521135715608e+00
1.519616776042514328e+00	1.519616776042514328e+00	1.519616776042514328e+00	1.519616776042514328e+00	1.519616776042514328e+00	1.519616776042514328e+00	1.515749319936289918e+00	1.515749319936289918e+00	1.515749319936289918e+00	1.510305605452469946e+00	1.510305605452469946e+00	1.510305605452469946e+00	1.510305605452469946e+00	1.510305605452469946e+00	1.510305605452469946e+00	1.510305605452469946e+00	1.510305605452469946e+00	1.510305605452469946e+00	1.510305605452469946e+00	1.510305605452469946e+00	1.510305605452469946e+00	1.510305605452469946e+00
1.518018323965746985e+00	1.314746379250227637e+00	1.314424671910025655e+00	1.314424671910025655e+00	1.314424671910025655e+00	1.314424671910025655e+00	1.314424671910025655e+00	1.310847247489774992e+00	1.310847247489774992e+00	1.307717409097786998e+00	1.307717409097786998e+00	1.306805367722655431e+00	1.306805367722655431e+00	1.306805367722655431e+00	1.306805367722655431e+00	1.306805367722655431e+00	1.306805367722655431e+00	1.306805367722655431e+00	1.306805367722655431e+00	1.306805367722655431e+00	1.306805367722655431e+00	1.306805367722655431e+00
1.517120344169212043e+00	5.000000000000000000e+01	5.000000000000000000e+01	5.000000000000000000e+01	5.000000000000000000e+01	5.000000000000000000e+01	5.000000000000000000e+01	5.000000000000000000e+01	5.000000000000000000e+01	5.000000000000000000e+01	5.000000000000000000e+01	5.000000000000000000e+01	5.000000000000000000e+01	5.000000000000000000e+01	5.000000000000000000e+01	5.000000000000000000e+01	5.000000000000000000e+01	5.000000000000000000e+01	5.000000000000000000e+01	5.000000000000000000e+01	5.000000000000000000e+01	5.000000000000000000e+01
1.522464914755387699e+00	5.000000000000000000e+01	5.000000000000000000e+01	5.000000000000000000e+01	5.000000000000000000e+01	5.000000000000000000e+01	5.000000000000000000e+01	5.000000000000000000e+01	5.000000000000000000e+01	5.000000000000000000e+01	5.000000000000000000e+01	5.000000000000000000e+01	5.000000000000000000e+01	5.000000000000000000e+01	5.000000000000000000e+01	5.000000000000000000e+01	5.000000000000000000e+01	5.000000000000000000e+01	5.000000000000000000e+01	5.000000000000000000e+01	5.000000000000000000e+01	5.000000000000000000e+01
1.520283036460780002e+00	5.000000000000000000e+01	5.000000000000000000e+01	5.000000000000000000e+01	5.000000000000000000e+01	5.000000000000000000e+01	5.000000000000000000e+01	5.000000000000000000e+01	5.000000000000000000e+01	5.000000000000000000e+01	5.000000000000000000e+01	5.000000000000000000e+01	5.000000000000000000e+01	5.000000000000000000e+01	5.000000000000000000e+01	5.000000000000000000e+01	5.000000000000000000e+01	5.000000000000000000e+01	5.000000000000000000e+01	5.000000000000000000e+01	5.000000000000000000e+01	5.000000000000000000e+01
1.529770745773508356e+00	5.000000000000000000e+01	5.000000000000000000e+01	5.000000000000000000e+01	5.000000000000000000e+01	5.000000000000000000e+01	5.000000000000000000e+01	5.000000000000000000e+01	5.000000000000000000e+01	5.000000000000000000e+01	5.000000000000000000e+01	5.000000000000000000e+01	5.000000000000000000e+01	5.000000000000000000e+01	5.000000000000000000e+01	5.000000000000000000e+01	5.000000000000000000e+01	5.000000000000000000e+01	5.000000000000000000e+01	5.000000000000000000e+01	5.000000000000000000e+01	5.000000000000000000e+01
1.509558108117845077e+00	5.000000000000000000e+01	5.000000000000000000e+01	5.000000000000000000e+01	5.000000000000000000e+01	5.000000000000000000e+01	5.000000000000000000e+01	5.000000000000000000e+01	5.000000000000000000e+01	5.000000000000000000e+01	5.000000000000000000e+01	5.000000000000000000e+01	5.000000000000000000e+01	5.000000000000000000e+01	5.000000000000000000e+01	5.000000000000000000e+01	5.000000000000000000e+01	5.000000000000000000e+01	5.000000000000000000e+01	5.000000000000000000e+01	5.000000000000000000e+01	5.000000000000000000e+01
1.521478885050975949e+00	5.000000000000000000e+01	5.000000000000000000e+01	5.000000000000000000e+01	5.000000000000000000e+01	5.000000000000000000e+01	5.000000000000000000e+01	5.000000000000000000e+01	5.000000000000000000e+01	5.000000000000000000e+01	5.000000000000000000e+01	5.000000000000000000e+01	5.000000000000000000e+01	5.000000000000000000e+01	5.000000000000000000e+01	5.000000000000000000e+01	5.000000000000000000e+01	5.000000000000000000e+01	5.000000000000000000e+01	5.000000000000000000e+01	5.000000000000000000e+01	5.000000000000000000e+01
1.520343868720410940e+00	5.000000000000000000e+01	5.000000000000000000e+01	5.000000000000000000e+01	5.000000000000000000e+01	5.000000000000000000e+01	5.000000000000000000e+01	5.000000000000000000e+01	5.000000000000000000e+01	5.000000000000000000e+01	5.000000000000000000e+01	5.000000000000000000e+01	5.000000000000000000e+01	5.000000000000000000e+01	5.000000000000000000e+01	5.000000000000000000e+01	5.000000000000000000e+01	5.000000000000000000e+01	5.000000000000000000e+01	5.000000000000000000e+01	5.000000000000000000e+01	5.000000000000000000e+01
1.517780101058458841e+00	5.000000000000000000e+01	5.000000000000000000e+01	5.000000000000000000e+01	5.000000000000000000e+01	5.000000000000000000e+01	5.000000000000000000e+01	5.000000000000000000e+01	5.000000000000000000e+01	5.000000000000000000e+01	5.000000000000000000e+01	5.000000000000000000e+01	5.000000000000000000e+01	5.000000000000000000e+01	5.000000000000000000e+01	5.000000000000000000e+01	5.000000000000000000e+01	5.000000000000000000e+01	5.000000000000000000e+01	5.000000000000000000e+01	5.000000000000000000e+01	5.000000000000000000e+01
1.517055395576688781e+00	5.000000000000000000e+01	5.000000000000000000e+01	5.000000000000000000e+01	5.000000000000000000e+01	5.000000000000000000e+01	5.000000000000000000e+01	5.000000000000000000e+01	5.000000000000000000e+01	5.000000000000000000e+01	5.000000000000000000e+01	5.000000000000000000e+01	5.000000000000000000e+01	5.000000000000000000e+01	5.000000000000000000e+01	5.000000000000000000e+01	5.000000000000000000e+01	5.000000000000000000e+01	5.000000000000000000e+01	5.000000000000000000e+01	5.000000000000000000e+01	5.000000000000000000e+01
1.515263913255749273e+00	5.000000000000000000e+01	5.000000000000000000e+01	5.000000000000000000e+01	5.000000000000000000e+01	5.000000000000000000e+01	5.000000000000000000e+01	5.000000000000000000e+01	5.000000000000000000e+01	5.000000000000000000e+01	5.000000000000000000e+01	5.000000000000000000e+01	5.000000000000000000e+01	5.000000000000000000e+01	5.000000000000000000e+01	5.000000000000000000e+01	5.000000000000000000e+01	5.000000000000000000e+01	5.000000000000000000e+01	5.000000000000000000e+01	5.000000000000000000e+01	5.000000000000000000e+01
1.528912552980461470e+00	5.000000000000000000e+01	5.000000000000000000e+01	5.000000000000000000e+01	5.000000000000000000e+01	5.000000000000000000e+01	5.000000000000000000e+01	5.000000000000000000e+01	5.000000000000000000e+01	5.000000000000000000e+01	5.000000000000000000e+01	5.000000000000000000e+01	5.000000000000000000e+01	5.000000000000000000e+01	5.000000000000000000e+01	5.000000000000000000e+01	5.000000000000000000e+01	5.000000000000000000e+01	5.000000000000000000e+01	5.000000000000000000e+01	5.000000000000000000e+01	5.000000000000000000e+01
1.515004814574212766e+00	5.000000000000000000e+01	5.000000000000000000e+01	5.000000000000000000e+01	5.000000000000000000e+01	5.000000000000000000e+01	5.000000000000000000e+01	5.000000000000000000e+01	5.000000000000000000e+01	5.000000000000000000e+01	5.000000000000000000e+01	5.000000000000000000e+01	5.000000000000000000e+01	5.000000000000000000e+01	5.000000000000000000e+01	5.000000000000000000e+01	5.000000000000000000e+01	5.000000000000000000e+01	5.000000000000000000e+01	5.000000000000000000e+01	5.000000000000000000e+01	5.000000000000000000e+01
1.514066462865983675e+00	5.000000000000000000e+01	5.000000000000000000e+01	5.000000000000000000e+01	5.000000000000000000e+01	5.000000000000000000e+01	5.000000000000000000e+01	5.000000000000000000e+01	5.000000000000000000e+01	5.000000000000000000e+01	5.000000000000000000e+01	5.000000000000000000e+01	5.000000000000000000e+01	5.000000000000000000e+01	5.000000000000000000e+01	5.000000000000000000e+01	5.000000000000000000e+01	5.000000000000000000e+01	5.000000000000000000e+01	5.000000000000000000e+01	5.000000000000000000e+01	5.000000000000000000e+01
1.530598736772633472e+00	5.000000000000000000e+01	5.000000000000000000e+01	5.000000000000000000e+01	5.000000000000000000e+01	5.000000000000000000e+01	5.000000000000000000e+01	5.000000000000000000e+01	5.000000000000000000e+01	5.000000000000000000e+01	5.000000000000000000e+01	5.000000000000000000e+01	5.000000000000000000e+01	5.000000000000000000e+01	5.000000000000000000e+01	5.000000000000000000e+01	5.000000000000000000e+01	5.000000000000000000e+01	5.000000000000000000e+01	5.000000000000000000e+01	5.000000000000000000e+01	5.000000000000000000e+01
1.523577451103865332e+00	5.000000000000000000e+01	5.000000000000000000e+01	5.000000000000000000e+01	5.000000000000000000e+01	5.000000000000000000e+01	5.000000000000000000e+01	5.000000000000000000e+01	5.000000000000000000e+01	5.000000000000000000e+01	5.000000000000000000e+01	5.000000000000000000e+01	5.000000000000000000e+01	5.000000000000000000e+01	5.000000000000000000e+01	5.000000000000000000e+01	5.000000000000000000e+01	5.000000000000000000e+01	5.000000000000000000e+01	5.000000000000000000e+01	5.000000000000000000e+01	5.000000000000000000e+01
1.516845325327882854e+00	5.000000000000000000e+01	5.000000000000000000e+01	5.000000000000000000e+01	5.000000000000000000e+01	5.000000000000000000e+01	5.000000000000000000e+01	5.000000000000000000e+01	5.000000000000000000e+01	5.000000000000000000e+01	5.000000000000000000e+01	5.000000000000000000e+01	5.000000000000000000e+01	5.000000000000000000e+01	5.000000000000000000e+01	5.000000000000000000e+01	5.000000000000000000e+01	5.000000000000000000e+01	5.000000000000000000e+01	5.000000000000000000e+01	5.000000000000000000e+01	5.000000000000000000e+01
1.523375973255947091e+00	5.000000000000000000e+01	5.000000000000000000e+01	5.000000000000000000e+01	5.000000000000000000e+01	5.000000000000000000e+01	5.000000000000000000e+01	5.000000000000000000e+01	5.000000000000000000e+01	5.000000000000000000e+01	5.000000000000000000e+01	5.000000000000000000e+01	5.000000000000000000e+01	5.000000000000000000e+01	5.000000000000000000e+01	5.000000000000000000e+01	5.000000000000000000e+01	5.000000000000000000e+01	5.000000000000000000e+01	5.000000000000000000e+01	5.000000000000000000e+01	5.000000000000000000e+01
1.526100494644858419e+00	5.000000000000000000e+01	5.000000000000000000e+01	5.000000000000000000e+01	5.000000000000000000e+01	5.000000000000000000e+01	5.000000000000000000e+01	5.000000000000000000e+01	5.000000000000000000e+01	5.000000000000000000e+01	5.000000000000000000e+01	5.000000000000000000e+01	5.000000000000000000e+01	5.000000000000000000e+01	5.000000000000000000e+01	5.000000000000000000e+01	5.000000000000000000e+01	5.000000000000000000e+01	5.000000000000000000e+01	5.000000000000000000e+01	5.000000000000000000e+01	5.000000000000000000e+01
1.522098634279135387e+00	5.000000000000000000e+01	5.000000000000000000e+01	5.000000000000000000e+01	5.000000000000000000e+01	5.000000000000000000e+01	5.000000000000000000e+01	5.000000000000000000e+01	5.000000000000000000e+01	5.000000000000000000e+01	5.000000000000000000e+01	5.000000000000000000e+01	5.000000000000000000e+01	5.000000000000000000e+01	5.000000000000000000e+01	5.000000000000000000e+01	5.000000000000000000e+01	5.000000000000000000e+01	5.000000000000000000e+01	5.000000000000000000e+01	5.000000000000000000e+01	5.000000000000000000e+01
1.519658436979910210e+00	5.000000000000000000e+01	5.000000000000000000e+01	5.000000000000000000e+01	5.000000000000000000e+01	5.000000000000000000e+01	5.000000000000000000e+01	5.000000000000000000e+01	5.000000000000000000e+01	5.000000000000000000e+01	5.000000000000000000e+01	5.000000000000000000e+01	5.000000000000000000e+01	5.000000000000000000e+01	5.000000000000000000e+01	5.000000000000000000e+01	5.000000000000000000e+01	5.000000000000000000e+01	5.000000000000000000e+01	5.000000000000000000e+01	5.000000000000000000e+01	5.000000000000000000e+01
1.511889154260808610e+00	1.314601149221863441e+00	1.311767434230958651e+00	1.311767434230958651e+00	1.305933599821244684e+00	1.305933599821244684e+00	1.305933599821244684e+00	1.305933599821244684e+00	1.305933599821244684e+00	1.305933599821244684e+00	1.305933599821244684e+00	1.305933599821244684e+00	1.305933599821244684e+00	1.305933599821244684e+00	1.305933599821244684e+00	1.305933599821244684e+00	1.305933599821244684e+00	1.305933599821244684e+00	1.305933599821244684e+00	1.305933599821244684e+00	1.305933599821244684e+00	1.305933599821244684e+00
1.542321904139085209e+00	1.313440944811310462e+00	1.311984694666332718e+00	1.311984694666332718e+00	1.311984694666332718e+00	1.311984694666332718e+00	1.311984694666332718e+00	1.311984694666332718e+00	1.311984694666332718e+00	1.311984694666332718e+00	1.311984694666332718e+00	1.311984694666332718e+00	1.311984694666332718e+00	1.311984694666332718e+00	1.311984694666332718e+00	1.311984694666332718e+00	1.310805685592419945e+00	1.310805685592419945e+00	1.310805685592419945e+00	1.310805685592419945e+00	1.310805685592419945e+00	1.310805685592419945e+00
1.513410300919503904e+00	1.313560428041400163e+00	1.310618328325676263e+00	1.310618328325676263e+00	1.310618328325676263e+00	1.308708082545887219e+00	1.308708082545887219e+00	1.308708082545887219e+00	1.308708082545887219e+00	1.308708082545887219e+00	1.308708082545887219e+00	1.308708082545887219e+00	1.308708082545887219e+00	1.308708082545887219e+00	1.308708082545887219e+00	1.308708082545887219e+00	1.308708082545887219e+00	1.308708082545887219e+00	1.308708082545887219e+00	1.308708082545887219e+00	1.308708082545887219e+00	1.308708082545887219e+00
1.519092143786073823e+00	1.320826570192972671e+00	1.320826570192972671e+00	1.317118771148450440e+00	1.317118771148450440e+00	1.313579213137578527e+00	1.310436527235339321e+00	1.310436527235339321e+00	1.310436527235339321e+00	1.310436527235339321e+00	1.310436527235339321e+00	1.307803782549771476e+00	1.307803782549771476e+00	1.307803782549771476e+00	1.307803782549771476e+00	1.307803782549771476e+00	1.307803782549771476e+00	1.307803782549771476e+00	1.307803782549771476e+00	1.307803782549771476e+00	1.307803782549771476e+00	1.307803782549771476e+00
1.545134821925500335e+00	1.317233692214946350e+00	1.317233692214946350e+00	1.317233692214946350e+00	1.317233692214946350e+00	1.316360153935172361e+00	1.313739174845242719e+00	1.310766538887313093e+00	1.310766538887313093e+00	1.310766538887313093e+00	1.310766538887313093e+00	1.310766538887313093e+00	1.310766538887313093e+00	1.310766538887313093e+00	1.310766538887313093e+00	1.310766538887313093e+00	1.310766538887313093e+00	1.310766538887313093e+00	1.310766538887313093e+00	1.310349759128358382e+00	1.310349759128358382e+00	1.310349759128358382e+00
1.494196039257627451e+00	1.314981449132013758e+00	1.314981449132013758e+00	1.308315968874729007e+00	1.308315968874729007e+00	1.308315968874729007e+00	1.308315968874729007e+00	1.308315968874729007e+00	1.308315968874729007e+00	1.308315968874729007e+00	1.308315968874729007e+00	1.308315968874729007e+00	1.308315968874729007e+00	1.308315968874729007e+00	1.308315968874729007e+00	1.308315968874729007e+00	1.308315968874729007e+00	1.308315968874729007e+00	1.308315968874729007e+00	1.308315968874729007e+00	1.308315968874729007e+00	1.308315968874729007e+00
1.516509522693325618e+00	1.319818268219629775e+00	1.314745033329183688e+00	1.314745033329183688e+00	1.314745033329183688e+00	1.314745033329183688e+00	1.314745033329183688e+00	1.314745033329183688e+00	1.314745033329183688e+00	1.313488216713221579e+00	1.313488216713221579e+00	1.313488216713221579e+00	1.301653381549950694e+00	1.301653381549950694e+00	1.301653381549950694e+00	1.301653381549950694e+00	1.301653381549950694e+00	1.301653381549950694e+00	1.301653381549950694e+00	1.301653381549950694e+00	1.301653381549950694e+00	1.301653381549950694e+00
